   26852.000000000000     
   341828.00000000000     
   198346.00000000000     
   17498.000000000000     
   288314.00000000000     
   20392.000000000000     
   179122.00000000000     
   113360.00000000000     
   108320.00000000000     
   206050.00000000000     
   122706.00000000000     
   27250.000000000000     
   39220.000000000000     
   2042.0000000000000     
   2564.0000000000000     
   194020.00000000000     
   41672.000000000000     
   203626.00000000000     
   175682.00000000000     
   48960.000000000000     
   52450.000000000000     
   2420.0000000000000     
   29354.000000000000     
   66978.000000000000     
   89098.000000000000     
   105898.00000000000     
   116.00000000000000     
   43856.000000000000     
   36842.000000000000     
   399428.00000000000     
   252580.00000000000     
   237266.00000000000     
   199890.00000000000     
   154346.00000000000     
   186490.00000000000     
   89876.000000000000     
   185156.00000000000     
   106384.00000000000     
   87176.000000000000     
   8552.0000000000000     
   50362.000000000000     
   135626.00000000000     
   11890.000000000000     
   25874.000000000000     
   7082.0000000000000     
   103666.00000000000     
   30650.000000000000     
   28496.000000000000     
   98312.000000000000     
   41546.000000000000     
   36200.000000000000     
   16562.000000000000     
   262450.00000000000     
   138676.00000000000     
   209906.00000000000     
   19850.000000000000     
   15080.000000000000     
   65026.000000000000     
   44514.000000000000     
   149396.00000000000     
   81332.000000000000     
   22562.000000000000     
   39796.000000000000     
   86500.000000000000     
   55786.000000000000     
   81040.000000000000     
   20666.000000000000     
   138170.00000000000     
   101378.00000000000     
   32420.000000000000     
   238642.00000000000     
   90752.000000000000     
   11282.000000000000     
   37250.000000000000     
   132820.00000000000     
   150994.00000000000     
   45224.000000000000     
   2426.0000000000000     
   27880.000000000000     
   183650.00000000000     
   246978.00000000000     
   68224.000000000000     
   58372.000000000000     
   28712.000000000000     
   303082.00000000000     
   12250.000000000000     
   19610.000000000000     
   126820.00000000000     
   89284.000000000000     
   129874.00000000000     
   51010.000000000000     
   24356.000000000000     
   82994.000000000000     
   29124.000000000000     
   339938.00000000000     
   256580.00000000000     
   18250.000000000000     
   40352.000000000000     
   226112.00000000000     
   77450.000000000000     
   30258.000000000000     
   217204.00000000000     
   9248.0000000000000     
   11194.000000000000     
   87442.000000000000     
   372420.00000000000     
   69940.000000000000     
   39040.000000000000     
   91444.000000000000     
   142984.00000000000     
   144208.00000000000     
   366530.00000000000     
   286346.00000000000     
   23348.000000000000     
   24106.000000000000     
   30772.000000000000     
   338362.00000000000     
   32260.000000000000     
   122000.00000000000     
   265394.00000000000     
   2050.0000000000000     
   14810.000000000000     
   14152.000000000000     
   52868.000000000000     
   40528.000000000000     
   8450.0000000000000     
   13780.000000000000     
   23732.000000000000     
   137792.00000000000     
   7732.0000000000000     
   33092.000000000000     
   95648.000000000000     
   126116.00000000000     
   207028.00000000000     
   541076.00000000000     
   14698.000000000000     
   34000.000000000000     
   108666.00000000000     
   59348.000000000000     
   29192.000000000000     
   97732.000000000000     
   28130.000000000000     
   93364.000000000000     
   56480.000000000000     
   188900.00000000000     
   66580.000000000000     
   68114.000000000000     
   6850.0000000000000     
   252970.00000000000     
   2192.0000000000000     
   132226.00000000000     
   1250.0000000000000     
   111106.00000000000     
   163858.00000000000     
   82132.000000000000     
   265730.00000000000     
   77618.000000000000     
   27304.000000000000     
   3218.0000000000000     
   23668.000000000000     
   136552.00000000000     
   155016.00000000000     
   80426.000000000000     
   333026.00000000000     
   234320.00000000000     
   17306.000000000000     
   22180.000000000000     
   59296.000000000000     
   73044.000000000000     
   2084.0000000000000     
   70850.000000000000     
   13450.000000000000     
   260500.00000000000     
   49736.000000000000     
   209032.00000000000     
   160340.00000000000     
   68612.000000000000     
   98282.000000000000     
   78130.000000000000     
   25364.000000000000     
   12580.000000000000     
   88330.000000000000     
   32180.000000000000     
   30760.000000000000     
   22676.000000000000     
   83954.000000000000     
   17908.000000000000     
   32584.000000000000     
   116882.00000000000     
   42650.000000000000     
   20432.000000000000     
   84466.000000000000     
   91730.000000000000     
   455778.00000000000     
   247450.00000000000     
   9860.0000000000000     
   87840.000000000000     
   55850.000000000000     
   92858.000000000000     
   1810.0000000000000     
   211408.00000000000     
   81586.000000000000     
   196810.00000000000     
   9490.0000000000000     
   64778.000000000000     
   34778.000000000000     
   20488.000000000000     
   9034.0000000000000     
   319104.00000000000     
   670522.00000000000     
   53650.000000000000     
   117226.00000000000     
   14900.000000000000     
   73946.000000000000     
   30340.000000000000     
   71828.000000000000     
   171130.00000000000     
   117000.00000000000     
   34082.000000000000     
   17408.000000000000     
   33332.000000000000     
   39848.000000000000     
   464500.00000000000     
   77416.000000000000     
   143570.00000000000     
   14522.000000000000     
   37570.000000000000     
   94538.000000000000     
   54400.000000000000     
   67618.000000000000     
   73352.000000000000     
   20626.000000000000     
   53546.000000000000     
   4964.0000000000000     
   93440.000000000000     
   10170.000000000000     
   314098.00000000000     
   115650.00000000000     
   19240.000000000000     
   94928.000000000000     
   240116.00000000000     
   380936.00000000000     
   54290.000000000000     
   94394.000000000000     
   41098.000000000000     
   1348.0000000000000     
   72736.000000000000     
   105026.00000000000     
   25160.000000000000     
   22850.000000000000     
   32282.000000000000     
   57488.000000000000     
   71378.000000000000     
   36026.000000000000     
   284650.00000000000     
   38756.000000000000     
   124034.00000000000     
   217922.00000000000     
   6980.0000000000000     
   25664.000000000000     
   25408.000000000000     
   415594.00000000000     
   53650.000000000000     
   1418.0000000000000     
   64538.000000000000     
   95978.000000000000     
   151650.00000000000     
   64528.000000000000     
   255988.00000000000     
   192628.00000000000     
   22096.000000000000     
   63970.000000000000     
   103402.00000000000     
   67154.000000000000     
   17704.000000000000     
   35170.000000000000     
   16490.000000000000     
   144178.00000000000     
   89410.000000000000     
   199730.00000000000     
   258410.00000000000     
   365962.00000000000     
   338920.00000000000     
   31252.000000000000     
   138298.00000000000     
   40968.000000000000     
   104618.00000000000     
   63464.000000000000     
   47450.000000000000     
   30290.000000000000     
   43040.000000000000     
   190952.00000000000     
   27508.000000000000     
   40644.000000000000     
   11560.000000000000     
   82564.000000000000     
   17914.000000000000     
   6322.0000000000000     
   130442.00000000000     
   14724.000000000000     
   20882.000000000000     
   15122.000000000000     
   16160.000000000000     
   47056.000000000000     
   31370.000000000000     
   130538.00000000000     
   7732.0000000000000     
   25442.000000000000     
   2610.0000000000000     
   21796.000000000000     
   18938.000000000000     
   95234.000000000000     
   36500.000000000000     
   93146.000000000000     
   36308.000000000000     
   102440.00000000000     
   11072.000000000000     
   185616.00000000000     
   132170.00000000000     
   87524.000000000000     
   73000.000000000000     
   329800.00000000000     
   232850.00000000000     
   2084.0000000000000     
   45178.000000000000     
   11912.000000000000     
   17300.000000000000     
   88706.000000000000     
   72122.000000000000     
   7002.0000000000000     
   2818.0000000000000     
   12546.000000000000     
   28850.000000000000     
   225410.00000000000     
   46234.000000000000     
   310522.00000000000     
   37460.000000000000     
   217786.00000000000     
   56656.000000000000     
   38122.000000000000     
   316180.00000000000     
   44960.000000000000     
   16970.000000000000     
   124688.00000000000     
   61802.000000000000     
   252162.00000000000     
   213904.00000000000     
   93098.000000000000     
   95594.000000000000     
