   2.0000000000000000       -9.2102403669758512     
   2.0020020020020022       -9.2162308323965032     
   2.0040040040040039       -9.2162179582683557     
   2.0060060060060061       -9.2162178828199242     
   2.0080080080080078       -9.2162178825696461     
   2.0100100100100100       -9.2162178825689480     
   2.0120120120120122       -9.2162178825689463     
   2.0140140140140139       -9.2162178825689463     
   2.0160160160160161       -9.2162178825689463     
   2.0180180180180178       -9.2162178825689463     
   2.0200200200200200       -9.2162178825689463     
   2.0220220220220222       -9.2162178825689463     
   2.0240240240240239       -9.2162178825689463     
   2.0260260260260261       -9.2162178825689463     
   2.0280280280280278       -9.2162178825689463     
   2.0300300300300300       -9.2162178825689463     
   2.0320320320320322       -9.2162178825689463     
   2.0340340340340339       -9.2162178825689463     
   2.0360360360360361       -9.2162178825689463     
   2.0380380380380378       -9.2162178825689463     
   2.0400400400400400       -9.2162178825689463     
   2.0420420420420422       -9.2162178825689463     
   2.0440440440440439       -9.2162178825689463     
   2.0460460460460461       -9.2162178825689463     
   2.0480480480480479       -9.2162178825689463     
   2.0500500500500500       -9.2162178825689463     
   2.0520520520520522       -9.2162178825689463     
   2.0540540540540539       -9.2162178825689463     
   2.0560560560560561       -9.2162178825689463     
   2.0580580580580579       -9.2162178825689463     
   2.0600600600600600       -9.2162178825689463     
   2.0620620620620622       -9.2162178825689463     
   2.0640640640640640       -9.2162178825689463     
   2.0660660660660661       -9.2162178825689463     
   2.0680680680680679       -9.2162178825689463     
   2.0700700700700700       -9.2162178825689463     
   2.0720720720720722       -9.2162178825689463     
   2.0740740740740740       -9.2162178825689463     
   2.0760760760760761       -9.2162178825689463     
   2.0780780780780779       -9.2162178825689463     
   2.0800800800800801       -9.2162178825689463     
   2.0820820820820822       -9.2162178825689463     
   2.0840840840840840       -9.2162178825689463     
   2.0860860860860861       -9.2162178825689463     
   2.0880880880880879       -9.2162178825689463     
   2.0900900900900901       -9.2162178825689463     
   2.0920920920920922       -9.2162178825689463     
   2.0940940940940940       -9.2162178825689463     
   2.0960960960960962       -9.2162178825689463     
   2.0980980980980979       -9.2162178825689463     
   2.1001001001001001       -9.2162178825689463     
   2.1021021021021022       -9.2162178825689463     
   2.1041041041041040       -9.2162178825689463     
   2.1061061061061062       -9.2162178825689463     
   2.1081081081081079       -9.2162178825689463     
   2.1101101101101101       -9.2162178825689463     
   2.1121121121121122       -9.2162178825689463     
   2.1141141141141140       -9.2162178825689463     
   2.1161161161161162       -9.2162178825689463     
   2.1181181181181179       -9.2162178825689463     
   2.1201201201201201       -9.2162178825689463     
   2.1221221221221223       -9.2162178825689463     
   2.1241241241241240       -9.2162178825689463     
   2.1261261261261262       -9.2162178825689463     
   2.1281281281281279       -9.2162178825689463     
   2.1301301301301301       -9.2162178825689463     
   2.1321321321321323       -9.2162178825689463     
   2.1341341341341340       -9.2162178825689463     
   2.1361361361361362       -9.2162178825689463     
   2.1381381381381379       -9.2162178825689463     
   2.1401401401401401       -9.2162178825689463     
   2.1421421421421423       -9.2162178825689463     
   2.1441441441441440       -9.2162178825689463     
   2.1461461461461462       -9.2162178825689463     
   2.1481481481481479       -9.2162178825689463     
   2.1501501501501501       -9.2162178825689463     
   2.1521521521521523       -9.2162178825689463     
   2.1541541541541540       -9.2162178825689463     
   2.1561561561561562       -9.2162178825689463     
   2.1581581581581579       -9.2162178825689463     
   2.1601601601601601       -9.2162178825689463     
   2.1621621621621623       -9.2162178825689463     
   2.1641641641641640       -9.2162178825689463     
   2.1661661661661662       -9.2162178825689463     
   2.1681681681681679       -9.2162178825689463     
   2.1701701701701701       -9.2162178825689463     
   2.1721721721721723       -9.2162178825689463     
   2.1741741741741740       -9.2162178825689463     
   2.1761761761761762       -9.2162178825689463     
   2.1781781781781784       -9.2162178825689463     
   2.1801801801801801       -9.2162178825689463     
   2.1821821821821823       -9.2162178825689463     
   2.1841841841841840       -9.2162178825689463     
   2.1861861861861862       -9.2162178825689463     
   2.1881881881881884       -9.2162178825689463     
   2.1901901901901901       -9.2162178825689463     
   2.1921921921921923       -9.2162178825689463     
   2.1941941941941940       -9.2162178825689463     
   2.1961961961961962       -9.2162178825689463     
   2.1981981981981984       -9.2162178825689463     
   2.2002002002002001       -9.2162178825689463     
   2.2022022022022023       -9.2162178825689463     
   2.2042042042042040       -9.2162178825689463     
   2.2062062062062062       -9.2162178825689463     
   2.2082082082082084       -9.2162178825689463     
   2.2102102102102101       -9.2162178825689463     
   2.2122122122122123       -9.2162178825689463     
   2.2142142142142140       -9.2162178825689463     
   2.2162162162162162       -9.2162178825689463     
   2.2182182182182184       -9.2162178825689463     
   2.2202202202202201       -9.2162178825689463     
   2.2222222222222223       -9.2162178825689463     
   2.2242242242242241       -9.2162178825689463     
   2.2262262262262262       -9.2162178825689463     
   2.2282282282282284       -9.2162178825689463     
   2.2302302302302301       -9.2162178825689463     
   2.2322322322322323       -9.2162178825689463     
   2.2342342342342341       -9.2162178825689463     
   2.2362362362362362       -9.2162178825689463     
   2.2382382382382384       -9.2162178825689463     
   2.2402402402402402       -9.2162178825689463     
   2.2422422422422423       -9.2162178825689463     
   2.2442442442442441       -9.2162178825689463     
   2.2462462462462462       -9.2162178825689463     
   2.2482482482482484       -9.2162178825689463     
   2.2502502502502502       -9.2162178825689463     
   2.2522522522522523       -9.2162178825689463     
   2.2542542542542541       -9.2162178825689463     
   2.2562562562562563       -9.2162178825689463     
   2.2582582582582584       -9.2162178825689463     
   2.2602602602602602       -9.2162178825689463     
   2.2622622622622623       -9.2162178825689463     
   2.2642642642642641       -9.2162178825689463     
   2.2662662662662663       -9.2162178825689463     
   2.2682682682682684       -9.2162178825689463     
   2.2702702702702702       -9.2162178825689463     
   2.2722722722722724       -9.2162178825689463     
   2.2742742742742741       -9.2162178825689463     
   2.2762762762762763       -9.2162178825689463     
   2.2782782782782784       -9.2162178825689463     
   2.2802802802802802       -9.2162178825689463     
   2.2822822822822824       -9.2162178825689463     
   2.2842842842842841       -9.2162178825689463     
   2.2862862862862863       -9.2162178825689463     
   2.2882882882882885       -9.2162178825689463     
   2.2902902902902902       -9.2162178825689463     
   2.2922922922922924       -9.2162178825689463     
   2.2942942942942941       -9.2162178825689463     
   2.2962962962962963       -9.2162178825689463     
   2.2982982982982985       -9.2162178825689463     
   2.3003003003003002       -9.2162178825689463     
   2.3023023023023024       -9.2162178825689463     
   2.3043043043043046       -9.2162178825689463     
   2.3063063063063063       -9.2162178825689463     
   2.3083083083083085       -9.2162178825689463     
   2.3103103103103102       -9.2162178825689463     
   2.3123123123123124       -9.2162178825689463     
   2.3143143143143146       -9.2162178825689463     
   2.3163163163163163       -9.2162178825689463     
   2.3183183183183185       -9.2162178825689463     
   2.3203203203203202       -9.2162178825689463     
   2.3223223223223224       -9.2162178825689463     
   2.3243243243243246       -9.2162178825689463     
   2.3263263263263263       -9.2162178825689463     
   2.3283283283283285       -9.2162178825689463     
   2.3303303303303302       -9.2162178825689463     
   2.3323323323323324       -9.2162178825689463     
   2.3343343343343346       -9.2162178825689463     
   2.3363363363363363       -9.2162178825689463     
   2.3383383383383385       -9.2162178825689463     
   2.3403403403403402       -9.2162178825689463     
   2.3423423423423424       -9.2162178825689463     
   2.3443443443443446       -9.2162178825689463     
   2.3463463463463463       -9.2162178825689463     
   2.3483483483483485       -9.2162178825689463     
   2.3503503503503502       -9.2162178825689463     
   2.3523523523523524       -9.2162178825689463     
   2.3543543543543546       -9.2162178825689463     
   2.3563563563563563       -9.2162178825689463     
   2.3583583583583585       -9.2162178825689463     
   2.3603603603603602       -9.2162178825689463     
   2.3623623623623624       -9.2162178825689463     
   2.3643643643643646       -9.2162178825689463     
   2.3663663663663663       -9.2162178825689463     
   2.3683683683683685       -9.2162178825689463     
   2.3703703703703702       -9.2162178825689463     
   2.3723723723723724       -9.2162178825689463     
   2.3743743743743746       -9.2162178825689463     
   2.3763763763763763       -9.2162178825689463     
   2.3783783783783785       -9.2162178825689463     
   2.3803803803803802       -9.2162178825689463     
   2.3823823823823824       -9.2162178825689463     
   2.3843843843843846       -9.2162178825689463     
   2.3863863863863863       -9.2162178825689463     
   2.3883883883883885       -9.2162178825689463     
   2.3903903903903903       -9.2162178825689463     
   2.3923923923923924       -9.2162178825689463     
   2.3943943943943946       -9.2162178825689463     
   2.3963963963963963       -9.2162178825689463     
   2.3983983983983985       -9.2162178825689463     
   2.4004004004004003       -9.2162178825689463     
   2.4024024024024024       -9.2162178825689463     
   2.4044044044044046       -9.2162178825689463     
   2.4064064064064064       -9.2162178825689463     
   2.4084084084084085       -9.2162178825689463     
   2.4104104104104103       -9.2162178825689463     
   2.4124124124124124       -9.2162178825689463     
   2.4144144144144146       -9.2162178825689463     
   2.4164164164164164       -9.2162178825689463     
   2.4184184184184185       -9.2162178825689463     
   2.4204204204204203       -9.2162178825689463     
   2.4224224224224224       -9.2162178825689463     
   2.4244244244244246       -9.2162178825689463     
   2.4264264264264264       -9.2162178825689463     
   2.4284284284284285       -9.2162178825689463     
   2.4304304304304303       -9.2162178825689463     
   2.4324324324324325       -9.2162178825689463     
   2.4344344344344346       -9.2162178825689463     
   2.4364364364364364       -9.2162178825689463     
   2.4384384384384385       -9.2162178825689463     
   2.4404404404404403       -9.2162178825689463     
   2.4424424424424425       -9.2162178825689463     
   2.4444444444444446       -9.2162178825689463     
   2.4464464464464464       -9.2162178825689463     
   2.4484484484484486       -9.2162178825689463     
   2.4504504504504503       -9.2162178825689463     
   2.4524524524524525       -9.2162178825689463     
   2.4544544544544546       -9.2162178825689463     
   2.4564564564564564       -9.2162178825689463     
   2.4584584584584586       -9.2162178825689463     
   2.4604604604604603       -9.2162178825689463     
   2.4624624624624625       -9.2162178825689463     
   2.4644644644644647       -9.2162178825689463     
   2.4664664664664664       -9.2162178825689463     
   2.4684684684684686       -9.2162178825689463     
   2.4704704704704703       -9.2162178825689463     
   2.4724724724724725       -9.2162178825689463     
   2.4744744744744747       -9.2162178825689463     
   2.4764764764764764       -9.2162178825689463     
   2.4784784784784786       -9.2162178825689463     
   2.4804804804804803       -9.2162178825689463     
   2.4824824824824825       -9.2162178825689463     
   2.4844844844844847       -9.2162178825689463     
   2.4864864864864864       -9.2162178825689463     
   2.4884884884884886       -9.2162178825689463     
   2.4904904904904903       -9.2162178825689463     
   2.4924924924924925       -9.2162178825689463     
   2.4944944944944947       -9.2162178825689463     
   2.4964964964964964       -9.2162178825689463     
   2.4984984984984986       -9.2162178825689463     
   2.5005005005005003       -9.2162178825689463     
   2.5025025025025025       -9.2162178825689463     
   2.5045045045045047       -9.2162178825689463     
   2.5065065065065064       -9.2162178825689463     
   2.5085085085085086       -9.2162178825689463     
   2.5105105105105103       -9.2162178825689463     
   2.5125125125125125       -9.2162178825689463     
   2.5145145145145147       -9.2162178825689463     
   2.5165165165165164       -9.2162178825689463     
   2.5185185185185186       -9.2162178825689463     
   2.5205205205205203       -9.2162178825689463     
   2.5225225225225225       -9.2162178825689463     
   2.5245245245245247       -9.2162178825689463     
   2.5265265265265264       -9.2162178825689463     
   2.5285285285285286       -9.2162178825689463     
   2.5305305305305303       -9.2162178825689463     
   2.5325325325325325       -9.2162178825689463     
   2.5345345345345347       -9.2162178825689463     
   2.5365365365365364       -9.2162178825689463     
   2.5385385385385386       -9.2162178825689463     
   2.5405405405405403       -9.2162178825689463     
   2.5425425425425425       -9.2162178825689463     
   2.5445445445445447       -9.2162178825689463     
   2.5465465465465464       -9.2162178825689463     
   2.5485485485485486       -9.2162178825689463     
   2.5505505505505504       -9.2162178825689463     
   2.5525525525525525       -9.2162178825689463     
   2.5545545545545547       -9.2162178825689463     
   2.5565565565565564       -9.2162178825689463     
   2.5585585585585586       -9.2162178825689463     
   2.5605605605605604       -9.2162178825689463     
   2.5625625625625625       -9.2162178825689463     
   2.5645645645645647       -9.2162178825689463     
   2.5665665665665665       -9.2162178825689463     
   2.5685685685685686       -9.2162178825689463     
   2.5705705705705704       -9.2162178825689463     
   2.5725725725725725       -9.2162178825689463     
   2.5745745745745747       -9.2162178825689463     
   2.5765765765765765       -9.2162178825689463     
   2.5785785785785786       -9.2162178825689463     
   2.5805805805805804       -9.2162178825689463     
   2.5825825825825826       -9.2162178825689463     
   2.5845845845845847       -9.2162178825689463     
   2.5865865865865865       -9.2162178825689463     
   2.5885885885885886       -9.2162178825689463     
   2.5905905905905904       -9.2162178825689463     
   2.5925925925925926       -9.2162178825689463     
   2.5945945945945947       -9.2162178825689463     
   2.5965965965965965       -9.2162178825689463     
   2.5985985985985987       -9.2162178825689463     
   2.6006006006006004       -9.2162178825689463     
   2.6026026026026026       -9.2162178825689463     
   2.6046046046046047       -9.2162178825689463     
   2.6066066066066065       -9.2162178825689463     
   2.6086086086086087       -9.2162178825689463     
   2.6106106106106104       -9.2162178825689463     
   2.6126126126126126       -9.2162178825689463     
   2.6146146146146148       -9.2162178825689463     
   2.6166166166166165       -9.2162178825689463     
   2.6186186186186187       -9.2162178825689463     
   2.6206206206206204       -9.2162178825689463     
   2.6226226226226226       -9.2162178825689463     
   2.6246246246246248       -9.2162178825689463     
   2.6266266266266265       -9.2162178825689463     
   2.6286286286286287       -9.2162178825689463     
   2.6306306306306304       -9.2162178825689463     
   2.6326326326326326       -9.2162178825689463     
   2.6346346346346348       -9.2162178825689463     
   2.6366366366366365       -9.2162178825689463     
   2.6386386386386387       -9.2162178825689463     
   2.6406406406406404       -9.2162178825689463     
   2.6426426426426426       -9.2162178825689463     
   2.6446446446446448       -9.2162178825689463     
   2.6466466466466465       -9.2162178825689463     
   2.6486486486486487       -9.2162178825689463     
   2.6506506506506504       -9.2162178825689463     
   2.6526526526526526       -9.2162178825689463     
   2.6546546546546548       -9.2162178825689463     
   2.6566566566566565       -9.2162178825689463     
   2.6586586586586587       -9.2162178825689463     
   2.6606606606606604       -9.2162178825689463     
   2.6626626626626626       -9.2162178825689463     
   2.6646646646646648       -9.2162178825689463     
   2.6666666666666665       -9.2162178825689463     
   2.6686686686686687       -9.2162178825689463     
   2.6706706706706704       -9.2162178825689463     
   2.6726726726726726       -9.2162178825689463     
   2.6746746746746748       -9.2162178825689463     
   2.6766766766766765       -9.2162178825689463     
   2.6786786786786787       -9.2162178825689463     
   2.6806806806806804       -9.2162178825689463     
   2.6826826826826826       -9.2162178825689463     
   2.6846846846846848       -9.2162178825689463     
   2.6866866866866865       -9.2162178825689463     
   2.6886886886886887       -9.2162178825689463     
   2.6906906906906904       -9.2162178825689463     
   2.6926926926926926       -9.2162178825689463     
   2.6946946946946948       -9.2162178825689463     
   2.6966966966966965       -9.2162178825689463     
   2.6986986986986987       -9.2162178825689463     
   2.7007007007007005       -9.2162178825689463     
   2.7027027027027026       -9.2162178825689463     
   2.7047047047047048       -9.2162178825689463     
   2.7067067067067065       -9.2162178825689463     
   2.7087087087087087       -9.2162178825689463     
   2.7107107107107105       -9.2162178825689463     
   2.7127127127127126       -9.2162178825689463     
   2.7147147147147148       -9.2162178825689463     
   2.7167167167167166       -9.2162178825689463     
   2.7187187187187187       -9.2162178825689463     
   2.7207207207207205       -9.2162178825689463     
   2.7227227227227226       -9.2162178825689463     
   2.7247247247247248       -9.2162178825689463     
   2.7267267267267266       -9.2162178825689463     
   2.7287287287287287       -9.2162178825689463     
   2.7307307307307305       -9.2162178825689463     
   2.7327327327327327       -9.2162178825689463     
   2.7347347347347348       -9.2162178825689463     
   2.7367367367367370       -9.2162178825689463     
   2.7387387387387387       -9.2162178825689463     
   2.7407407407407405       -9.2162178825689463     
   2.7427427427427427       -9.2162178825689463     
   2.7447447447447448       -9.2162178825689463     
   2.7467467467467470       -9.2162178825689463     
   2.7487487487487487       -9.2162178825689463     
   2.7507507507507505       -9.2162178825689463     
   2.7527527527527527       -9.2162178825689463     
   2.7547547547547548       -9.2162178825689463     
   2.7567567567567570       -9.2162178825689463     
   2.7587587587587588       -9.2162178825689463     
   2.7607607607607605       -9.2162178825689463     
   2.7627627627627627       -9.2162178825689463     
   2.7647647647647648       -9.2162178825689463     
   2.7667667667667670       -9.2162178825689463     
   2.7687687687687688       -9.2162178825689463     
   2.7707707707707705       -9.2162178825689463     
   2.7727727727727727       -9.2162178825689463     
   2.7747747747747749       -9.2162178825689463     
   2.7767767767767770       -9.2162178825689463     
   2.7787787787787788       -9.2162178825689463     
   2.7807807807807805       -9.2162178825689463     
   2.7827827827827827       -9.2162178825689463     
   2.7847847847847849       -9.2162178825689463     
   2.7867867867867870       -9.2162178825689463     
   2.7887887887887888       -9.2162178825689463     
   2.7907907907907905       -9.2162178825689463     
   2.7927927927927927       -9.2162178825689463     
   2.7947947947947949       -9.2162178825689463     
   2.7967967967967970       -9.2162178825689463     
   2.7987987987987988       -9.2162178825689463     
   2.8008008008008005       -9.2162178825689463     
   2.8028028028028027       -9.2162178825689463     
   2.8048048048048049       -9.2162178825689463     
   2.8068068068068071       -9.2162178825689463     
   2.8088088088088088       -9.2162178825689463     
   2.8108108108108110       -9.2162178825689463     
   2.8128128128128127       -9.2162178825689463     
   2.8148148148148149       -9.2162178825689463     
   2.8168168168168171       -9.2162178825689463     
   2.8188188188188188       -9.2162178825689463     
   2.8208208208208210       -9.2162178825689463     
   2.8228228228228227       -9.2162178825689463     
   2.8248248248248249       -9.2162178825689463     
   2.8268268268268271       -9.2162178825689463     
   2.8288288288288288       -9.2162178825689463     
   2.8308308308308310       -9.2162178825689463     
   2.8328328328328327       -9.2162178825689463     
   2.8348348348348349       -9.2162178825689463     
   2.8368368368368371       -9.2162178825689463     
   2.8388388388388388       -9.2162178825689463     
   2.8408408408408410       -9.2162178825689463     
   2.8428428428428427       -9.2162178825689463     
   2.8448448448448449       -9.2162178825689463     
   2.8468468468468471       -9.2162178825689463     
   2.8488488488488488       -9.2162178825689463     
   2.8508508508508510       -9.2162178825689463     
   2.8528528528528527       -9.2162178825689463     
   2.8548548548548549       -9.2162178825689463     
   2.8568568568568571       -9.2162178825689463     
   2.8588588588588588       -9.2162178825689463     
   2.8608608608608610       -9.2162178825689463     
   2.8628628628628627       -9.2162178825689463     
   2.8648648648648649       -9.2162178825689463     
   2.8668668668668671       -9.2162178825689463     
   2.8688688688688688       -9.2162178825689463     
   2.8708708708708710       -9.2162178825689463     
   2.8728728728728727       -9.2162178825689463     
   2.8748748748748749       -9.2162178825689463     
   2.8768768768768771       -9.2162178825689463     
   2.8788788788788788       -9.2162178825689463     
   2.8808808808808810       -9.2162178825689463     
   2.8828828828828827       -9.2162178825689463     
   2.8848848848848849       -9.2162178825689463     
   2.8868868868868871       -9.2162178825689463     
   2.8888888888888888       -9.2162178825689463     
   2.8908908908908910       -9.2162178825689463     
   2.8928928928928928       -9.2162178825689463     
   2.8948948948948949       -9.2162178825689463     
   2.8968968968968971       -9.2162178825689463     
   2.8988988988988988       -9.2162178825689463     
   2.9009009009009010       -9.2162178825689463     
   2.9029029029029028       -9.2162178825689463     
   2.9049049049049049       -9.2162178825689463     
   2.9069069069069071       -9.2162178825689463     
   2.9089089089089089       -9.2162178825689463     
   2.9109109109109110       -9.2162178825689463     
   2.9129129129129128       -9.2162178825689463     
   2.9149149149149149       -9.2162178825689463     
   2.9169169169169171       -9.2162178825689463     
   2.9189189189189189       -9.2162178825689463     
   2.9209209209209210       -9.2162178825689463     
   2.9229229229229228       -9.2162178825689463     
   2.9249249249249250       -9.2162178825689463     
   2.9269269269269271       -9.2162178825689463     
   2.9289289289289289       -9.2162178825689463     
   2.9309309309309310       -9.2162178825689463     
   2.9329329329329328       -9.2162178825689463     
   2.9349349349349350       -9.2162178825689463     
   2.9369369369369371       -9.2162178825689463     
   2.9389389389389389       -9.2162178825689463     
   2.9409409409409411       -9.2162178825689463     
   2.9429429429429428       -9.2162178825689463     
   2.9449449449449450       -9.2162178825689463     
   2.9469469469469471       -9.2162178825689463     
   2.9489489489489489       -9.2162178825689463     
   2.9509509509509511       -9.2162178825689463     
   2.9529529529529528       -9.2162178825689463     
   2.9549549549549550       -9.2162178825689463     
   2.9569569569569571       -9.2162178825689463     
   2.9589589589589589       -9.2162178825689463     
   2.9609609609609611       -9.2162178825689463     
   2.9629629629629628       -9.2162178825689463     
   2.9649649649649650       -9.2162178825689463     
   2.9669669669669672       -9.2162178825689463     
   2.9689689689689689       -9.2162178825689463     
   2.9709709709709711       -9.2162178825689463     
   2.9729729729729728       -9.2162178825689463     
   2.9749749749749750       -9.2162178825689463     
   2.9769769769769772       -9.2162178825689463     
   2.9789789789789789       -9.2162178825689463     
   2.9809809809809811       -9.2162178825689463     
   2.9829829829829828       -9.2162178825689463     
   2.9849849849849850       -9.2162178825689463     
   2.9869869869869872       -9.2162178825689463     
   2.9889889889889889       -9.2162178825689463     
   2.9909909909909911       -9.2162178825689463     
   2.9929929929929928       -9.2162178825689463     
   2.9949949949949950       -9.2162178825689463     
   2.9969969969969972       -9.2161113094618656     
   2.9989989989989989       -9.2081725271200288     
   3.0010010010010011       -8.5202863803051958     
   3.0030030030030028       -8.5216789781907725     
   3.0050050050050050       -8.5216817631080257     
   3.0070070070070072       -8.5216817686773023     
   3.0090090090090089       -8.5216817686884383     
   3.0110110110110111       -8.5216817686884614     
   3.0130130130130128       -8.5216817686884614     
   3.0150150150150150       -8.5216817686884614     
   3.0170170170170172       -8.5216817686884614     
   3.0190190190190189       -8.5216817686884614     
   3.0210210210210211       -8.5216817686884614     
   3.0230230230230228       -8.5216817686884614     
   3.0250250250250250       -8.5216817686884614     
   3.0270270270270272       -8.5216817686884614     
   3.0290290290290289       -8.5216817686884614     
   3.0310310310310311       -8.5216817686884614     
   3.0330330330330328       -8.5216817686884614     
   3.0350350350350350       -8.5216817686884614     
   3.0370370370370372       -8.5216817686884614     
   3.0390390390390389       -8.5216817686884614     
   3.0410410410410411       -8.5216817686884614     
   3.0430430430430429       -8.5216817686884614     
   3.0450450450450450       -8.5216817686884614     
   3.0470470470470472       -8.5216817686884614     
   3.0490490490490489       -8.5216817686884614     
   3.0510510510510511       -8.5216817686884614     
   3.0530530530530529       -8.5216817686884614     
   3.0550550550550550       -8.5216817686884614     
   3.0570570570570572       -8.5216817686884614     
   3.0590590590590589       -8.5216817686884614     
   3.0610610610610611       -8.5216817686884614     
   3.0630630630630629       -8.5216817686884614     
   3.0650650650650650       -8.5216817686884614     
   3.0670670670670672       -8.5216817686884614     
   3.0690690690690690       -8.5216817686884614     
   3.0710710710710711       -8.5216817686884614     
   3.0730730730730729       -8.5216817686884614     
   3.0750750750750750       -8.5216817686884614     
   3.0770770770770772       -8.5216817686884614     
   3.0790790790790790       -8.5216817686884614     
   3.0810810810810811       -8.5216817686884614     
   3.0830830830830829       -8.5216817686884614     
   3.0850850850850851       -8.5216817686884614     
   3.0870870870870872       -8.5216817686884614     
   3.0890890890890890       -8.5216817686884614     
   3.0910910910910911       -8.5216817686884614     
   3.0930930930930929       -8.5216817686884614     
   3.0950950950950951       -8.5216817686884614     
   3.0970970970970972       -8.5216817686884614     
   3.0990990990990994       -8.5216817686884614     
   3.1011011011011012       -8.5216817686884614     
   3.1031031031031029       -8.5216817686884614     
   3.1051051051051051       -8.5216817686884614     
   3.1071071071071072       -8.5216817686884614     
   3.1091091091091094       -8.5216817686884614     
   3.1111111111111112       -8.5216817686884614     
   3.1131131131131129       -8.5216817686884614     
   3.1151151151151151       -8.5216817686884614     
   3.1171171171171173       -8.5216817686884614     
   3.1191191191191194       -8.5216817686884614     
   3.1211211211211212       -8.5216817686884614     
   3.1231231231231229       -8.5216817686884614     
   3.1251251251251251       -8.5216817686884614     
   3.1271271271271273       -8.5216817686884614     
   3.1291291291291294       -8.5216817686884614     
   3.1311311311311312       -8.5216817686884614     
   3.1331331331331329       -8.5216817686884614     
   3.1351351351351351       -8.5216817686884614     
   3.1371371371371373       -8.5216817686884614     
   3.1391391391391394       -8.5216817686884614     
   3.1411411411411412       -8.5216817686884614     
   3.1431431431431429       -8.5216817686884614     
   3.1451451451451451       -8.5216817686884614     
   3.1471471471471473       -8.5216817686884614     
   3.1491491491491495       -8.5216817686884614     
   3.1511511511511512       -8.5216817686884614     
   3.1531531531531529       -8.5216817686884614     
   3.1551551551551551       -8.5216817686884614     
   3.1571571571571573       -8.5216817686884614     
   3.1591591591591595       -8.5216817686884614     
   3.1611611611611612       -8.5216817686884614     
   3.1631631631631629       -8.5216817686884614     
   3.1651651651651651       -8.5216817686884614     
   3.1671671671671673       -8.5216817686884614     
   3.1691691691691695       -8.5216817686884614     
   3.1711711711711712       -8.5216817686884614     
   3.1731731731731729       -8.5216817686884614     
   3.1751751751751751       -8.5216817686884614     
   3.1771771771771773       -8.5216817686884614     
   3.1791791791791795       -8.5216817686884614     
   3.1811811811811812       -8.5216817686884614     
   3.1831831831831829       -8.5216817686884614     
   3.1851851851851851       -8.5216817686884614     
   3.1871871871871873       -8.5216817686884614     
   3.1891891891891895       -8.5216817686884614     
   3.1911911911911912       -8.5216817686884614     
   3.1931931931931929       -8.5216817686884614     
   3.1951951951951951       -8.5216817686884614     
   3.1971971971971973       -8.5216817686884614     
   3.1991991991991995       -8.5216817686884614     
   3.2012012012012012       -8.5216817686884614     
   3.2032032032032030       -8.5216817686884614     
   3.2052052052052051       -8.5216817686884614     
   3.2072072072072073       -8.5216817686884614     
   3.2092092092092095       -8.5216817686884614     
   3.2112112112112112       -8.5216817686884614     
   3.2132132132132130       -8.5216817686884614     
   3.2152152152152151       -8.5216817686884614     
   3.2172172172172173       -8.5216817686884614     
   3.2192192192192195       -8.5216817686884614     
   3.2212212212212212       -8.5216817686884614     
   3.2232232232232230       -8.5216817686884614     
   3.2252252252252251       -8.5216817686884614     
   3.2272272272272273       -8.5216817686884614     
   3.2292292292292295       -8.5216817686884614     
   3.2312312312312312       -8.5216817686884614     
   3.2332332332332330       -8.5216817686884614     
   3.2352352352352352       -8.5216817686884614     
   3.2372372372372373       -8.5216817686884614     
   3.2392392392392395       -8.5216817686884614     
   3.2412412412412412       -8.5216817686884614     
   3.2432432432432430       -8.5216817686884614     
   3.2452452452452452       -8.5216817686884614     
   3.2472472472472473       -8.5216817686884614     
   3.2492492492492495       -8.5216817686884614     
   3.2512512512512513       -8.5216817686884614     
   3.2532532532532530       -8.5216817686884614     
   3.2552552552552552       -8.5216817686884614     
   3.2572572572572573       -8.5216817686884614     
   3.2592592592592595       -8.5216817686884614     
   3.2612612612612613       -8.5216817686884614     
   3.2632632632632630       -8.5216817686884614     
   3.2652652652652652       -8.5216817686884614     
   3.2672672672672673       -8.5216817686884614     
   3.2692692692692695       -8.5216817686884614     
   3.2712712712712713       -8.5216817686884614     
   3.2732732732732730       -8.5216817686884614     
   3.2752752752752752       -8.5216817686884614     
   3.2772772772772774       -8.5216817686884614     
   3.2792792792792795       -8.5216817686884614     
   3.2812812812812813       -8.5216817686884614     
   3.2832832832832830       -8.5216817686884614     
   3.2852852852852852       -8.5216817686884614     
   3.2872872872872874       -8.5216817686884614     
   3.2892892892892895       -8.5216817686884614     
   3.2912912912912913       -8.5216817686884614     
   3.2932932932932930       -8.5216817686884614     
   3.2952952952952952       -8.5216817686884614     
   3.2972972972972974       -8.5216817686884614     
   3.2992992992992995       -8.5216817686884614     
   3.3013013013013013       -8.5216817686884614     
   3.3033033033033030       -8.5216817686884614     
   3.3053053053053052       -8.5216817686884614     
   3.3073073073073074       -8.5216817686884614     
   3.3093093093093096       -8.5216817686884614     
   3.3113113113113113       -8.5216817686884614     
   3.3133133133133130       -8.5216817686884614     
   3.3153153153153152       -8.5216817686884614     
   3.3173173173173174       -8.5216817686884614     
   3.3193193193193196       -8.5216817686884614     
   3.3213213213213213       -8.5216817686884614     
   3.3233233233233230       -8.5216817686884614     
   3.3253253253253252       -8.5216817686884614     
   3.3273273273273274       -8.5216817686884614     
   3.3293293293293296       -8.5216817686884614     
   3.3313313313313313       -8.5216817686884614     
   3.3333333333333330       -8.5216817686884614     
   3.3353353353353352       -8.5216817686884614     
   3.3373373373373374       -8.5216817686884614     
   3.3393393393393396       -8.5216817686884614     
   3.3413413413413413       -8.5216817686884614     
   3.3433433433433430       -8.5216817686884614     
   3.3453453453453452       -8.5216817686884614     
   3.3473473473473474       -8.5216817686884614     
   3.3493493493493496       -8.5216817686884614     
   3.3513513513513513       -8.5216817686884614     
   3.3533533533533531       -8.5216817686884614     
   3.3553553553553552       -8.5216817686884614     
   3.3573573573573574       -8.5216817686884614     
   3.3593593593593596       -8.5216817686884614     
   3.3613613613613613       -8.5216817686884614     
   3.3633633633633631       -8.5216817686884614     
   3.3653653653653652       -8.5216817686884614     
   3.3673673673673674       -8.5216817686884614     
   3.3693693693693696       -8.5216817686884614     
   3.3713713713713713       -8.5216817686884614     
   3.3733733733733731       -8.5216817686884614     
   3.3753753753753752       -8.5216817686884614     
   3.3773773773773774       -8.5216817686884614     
   3.3793793793793796       -8.5216817686884614     
   3.3813813813813813       -8.5216817686884614     
   3.3833833833833831       -8.5216817686884614     
   3.3853853853853852       -8.5216817686884614     
   3.3873873873873874       -8.5216817686884614     
   3.3893893893893896       -8.5216817686884614     
   3.3913913913913913       -8.5216817686884614     
   3.3933933933933931       -8.5216817686884614     
   3.3953953953953953       -8.5216817686884614     
   3.3973973973973974       -8.5216817686884614     
   3.3993993993993996       -8.5216817686884614     
   3.4014014014014013       -8.5216817686884614     
   3.4034034034034031       -8.5216817686884614     
   3.4054054054054053       -8.5216817686884614     
   3.4074074074074074       -8.5216817686884614     
   3.4094094094094096       -8.5216817686884614     
   3.4114114114114114       -8.5216817686884614     
   3.4134134134134131       -8.5216817686884614     
   3.4154154154154153       -8.5216817686884614     
   3.4174174174174174       -8.5216817686884614     
   3.4194194194194196       -8.5216817686884614     
   3.4214214214214214       -8.5216817686884614     
   3.4234234234234231       -8.5216817686884614     
   3.4254254254254253       -8.5216817686884614     
   3.4274274274274275       -8.5216817686884614     
   3.4294294294294296       -8.5216817686884614     
   3.4314314314314314       -8.5216817686884614     
   3.4334334334334331       -8.5216817686884614     
   3.4354354354354353       -8.5216817686884614     
   3.4374374374374375       -8.5216817686884614     
   3.4394394394394396       -8.5216817686884614     
   3.4414414414414414       -8.5216817686884614     
   3.4434434434434431       -8.5216817686884614     
   3.4454454454454453       -8.5216817686884614     
   3.4474474474474475       -8.5216817686884614     
   3.4494494494494496       -8.4701345399801919     
   3.4514514514514514       -7.8284315039805472     
   3.4534534534534531       -7.8271482262491530     
   3.4554554554554553       -7.8271456599503502     
   3.4574574574574575       -7.8271456548182607     
   3.4594594594594597       -7.8271456548080005     
   3.4614614614614614       -7.8271456548079774     
   3.4634634634634631       -7.8271456548079774     
   3.4654654654654653       -7.8271456548079774     
   3.4674674674674675       -7.8271456548079774     
   3.4694694694694697       -7.8271456548079774     
   3.4714714714714714       -7.8271456548079774     
   3.4734734734734736       -7.8271456548079774     
   3.4754754754754753       -7.8271456548079774     
   3.4774774774774775       -7.8271456548079774     
   3.4794794794794797       -7.8271456548079774     
   3.4814814814814814       -7.8271456548079774     
   3.4834834834834836       -7.8271456548079774     
   3.4854854854854853       -7.8271456548079774     
   3.4874874874874875       -7.8271456548079774     
   3.4894894894894897       -7.8271456548079774     
   3.4914914914914914       -7.8271456548079774     
   3.4934934934934936       -7.8271456548079774     
   3.4954954954954953       -7.8271456548079774     
   3.4974974974974975       -7.8271456548079774     
   3.4994994994994997       -7.8271456548079774     
   3.5015015015015014       -7.8271456548079774     
   3.5035035035035036       -7.8271456548079774     
   3.5055055055055053       -7.8271456548079774     
   3.5075075075075075       -7.8271456548079774     
   3.5095095095095097       -7.8271456548079774     
   3.5115115115115114       -7.8271456548079774     
   3.5135135135135136       -7.8271456548079774     
   3.5155155155155153       -7.8271456548079774     
   3.5175175175175175       -7.8271456548079774     
   3.5195195195195197       -7.8271456548079774     
   3.5215215215215214       -7.8271456548079774     
   3.5235235235235236       -7.8271456548079774     
   3.5255255255255253       -7.8271456548079774     
   3.5275275275275275       -7.8271456548079774     
   3.5295295295295297       -7.8271456548079774     
   3.5315315315315314       -7.8271456548079774     
   3.5335335335335336       -7.8271456548079774     
   3.5355355355355353       -7.8271456548079774     
   3.5375375375375375       -7.8271456548079774     
   3.5395395395395397       -7.8271456548079774     
   3.5415415415415414       -7.8271456548079774     
   3.5435435435435436       -7.8269867833286293     
   3.5455455455455454       -7.1339981565368475     
   3.5475475475475475       -7.1326123178809908     
   3.5495495495495497       -7.1326095464808486     
   3.5515515515515514       -7.1326095409386046     
   3.5535535535535536       -7.1326095409275210     
   3.5555555555555554       -7.1326095409274961     
   3.5575575575575575       -7.1326095409274970     
   3.5595595595595597       -7.1326095409274970     
   3.5615615615615615       -7.1326095409274970     
   3.5635635635635636       -7.1326095409274970     
   3.5655655655655654       -6.4394623603675516     
   3.5675675675675675       -6.4380762046359923     
   3.5695695695695697       -5.7449294354731579     
   3.5715715715715715       -5.5155500658699648     
   3.5735735735735736       -2.1714887002392205     
   3.5755755755755754       -1.9725830277196021     
   3.5775775775775776       -6.2061435420938516     
   3.5795795795795797       -1.7994925294198529     
   3.5815815815815815       -1.7542149783511249     
   3.5835835835835836       -3.5549854390478686     
   3.5855855855855854       -1.6382096817689213     
   3.5875875875875876       -1.5689009952243946     
   3.5895895895895897       -1.6907583552048246     
   3.5915915915915915       -1.4469887148975074     
   3.5935935935935936       -1.3877480825679245     
   3.5955955955955954       -1.3689818542267378     
   3.5975975975975976       -1.5168459995395092     
   3.5995995995995997       -1.3063261265709565     
   3.6016016016016015       -1.2715403250212252     
   3.6036036036036037       -1.2596934990992121     
   3.6056056056056054       -6.8977542489754926     
   3.6076076076076076       -1.4613326594683800     
   3.6096096096096097       -1.2452867600882398     
   3.6116116116116119       -1.2151032669085529     
   3.6136136136136137       -6.5612197916183739     
   3.6156156156156154       -1.1709817319325428     
   3.6176176176176176       -1.1526290830877484     
   3.6196196196196198       -6.4275811031183290     
   3.6216216216216219       -1.1615426593411000     
   3.6236236236236237       -1.1225059413466913     
   3.6256256256256254       -1.2107874929519797     
   3.6276276276276276       -7.4084538539971172     
   3.6296296296296298       -7.4208432609685531     
   3.6316316316316319       -6.7277208426804824     
   3.6336336336336337       -3.1136385677621328     
   3.6356356356356354       -1.3530143940966850     
   3.6376376376376376       -1.1423371531813016     
   3.6396396396396398       -1.0623706777333253     
   3.6416416416416419       -1.0228710414318487     
   3.6436436436436437       -1.0180593671690514     
   3.6456456456456454       -1.0120080907044111     
   3.6476476476476476       -1.2022994533935887     
   3.6496496496496498       -1.0068137982925003     
   3.6516516516516520      -0.93985643465823188     
   3.6536536536536537      -0.88719627542646773     
   3.6556556556556554      -0.90716981035881106     
   3.6576576576576576      -0.84390453742487259     
   3.6596596596596598      -0.83328108880071039     
   3.6616616616616620      -0.84766501534354011     
   3.6636636636636637      -0.95649696784763971     
   3.6656656656656654      -0.88634976024057865     
   3.6676676676676676      -0.81323026024816381     
   3.6696696696696698      -0.77334585813947265     
   3.6716716716716720      -0.72493619704581358     
   3.6736736736736737      -0.78039645273709990     
   3.6756756756756754      -0.70638983784399967     
   3.6776776776776776      -0.70736946663359546     
   3.6796796796796798      -0.77177296839876308     
   3.6816816816816820      -0.77595918750108450     
   3.6836836836836837      -0.70430236937714241     
   3.6856856856856854      -0.70622653734963758     
   3.6876876876876876      -0.80243600947429194     
   3.6896896896896898      -0.71089987554133993     
   3.6916916916916920      -0.67763985935278581     
   3.6936936936936937      -0.71179307772351497     
   3.6956956956956954      -0.66695286170709500     
   3.6976976976976976      -0.66048281844088386     
   3.6996996996996998      -0.67272588507591335     
   3.7017017017017020       -7.2532396909388748     
   3.7037037037037037      -0.82766741600563598     
   3.7057057057057055      -0.76672800209381831     
   3.7077077077077076      -0.72526848053357862     
   3.7097097097097098      -0.65657583879742909     
   3.7117117117117120      -0.65911142093788322     
   3.7137137137137137      -0.64189607654307468     
   3.7157157157157155      -0.62139246908925938     
   3.7177177177177176      -0.69942892452948413     
   3.7197197197197198      -0.64948384653104330     
   3.7217217217217220      -0.60840467146331478     
   3.7237237237237237      -0.63980151328323920     
   3.7257257257257255      -0.60364950105010762     
   3.7277277277277276      -0.60813637265014830     
   3.7297297297297298      -0.61651361864148602     
   3.7317317317317320      -0.59320928910668946     
   3.7337337337337337      -0.60578075136989562     
   3.7357357357357355      -0.62583078178254414     
   3.7377377377377377      -0.82116246983813024     
   3.7397397397397398       -7.5899980078448159     
   3.7417417417417420       -6.9103807090326335     
   3.7437437437437437       -3.2328747285430826     
   3.7457457457457455       -1.0283147156210612     
   3.7477477477477477      -0.75257344943028748     
   3.7497497497497498      -0.66945570104323493     
   3.7517517517517520      -0.64870107887185136     
   3.7537537537537538      -0.64945187874054999     
   3.7557557557557555      -0.63116707031985819     
   3.7577577577577577      -0.57959611263512523     
   3.7597597597597598      -0.56219067041489257     
   3.7617617617617620      -0.63906383307001102     
   3.7637637637637638      -0.57063656476703606     
   3.7657657657657655      -0.55725746806187670     
   3.7677677677677677      -0.55850035835841405     
   3.7697697697697699      -0.53948756383148588     
   3.7717717717717720      -0.55075425399162292     
   3.7737737737737738      -0.58806843292192523     
   3.7757757757757755      -0.68123539581554382     
   3.7777777777777777      -0.64284295183751150     
   3.7797797797797799      -0.53219093282388819     
   3.7817817817817820      -0.60185128862055692     
   3.7837837837837838      -0.54168102951006991     
   3.7857857857857855       -7.0016827499015939     
   3.7877877877877877      -0.51752916607833355     
   3.7897897897897899      -0.50828633273305879     
   3.7917917917917920      -0.49544825695935490     
   3.7937937937937938      -0.49337566538570393     
   3.7957957957957955      -0.48911586963164033     
   3.7977977977977977      -0.49477339434608192     
   3.7997997997997999      -0.48532734685736229     
   3.8018018018018020      -0.55734642896038200     
   3.8038038038038038      -0.51098947642513592     
   3.8058058058058055      -0.50709062391243964     
   3.8078078078078077      -0.47872012518787449     
   3.8098098098098099      -0.49323645215279538     
   3.8118118118118121      -0.49056988975848548     
   3.8138138138138138      -0.48129442840761005     
   3.8158158158158155      -0.55302242192993967     
   3.8178178178178177      -0.48758782440970488     
   3.8198198198198199      -0.50462667821582319     
   3.8218218218218221      -0.51770814216916106     
   3.8238238238238238      -0.57772897304967563     
   3.8258258258258255      -0.63604686752339523     
   3.8278278278278277       -1.0366143661749245     
   3.8298298298298299       -8.1012491774660411     
   3.8318318318318321       -8.1153758820810040     
   3.8338338338338338       -8.1154041300757100     
   3.8358358358358355       -8.1154041865586422     
   3.8378378378378377       -8.1154041866721247     
   3.8398398398398399       -8.1154041866718210     
   3.8418418418418421       -7.4222739844157877     
   3.8438438438438438       -7.4208708843338567     
   3.8458458458458455       -7.4208680784139789     
   3.8478478478478477       -6.7277208922432354     
   3.8498498498498499       -3.5703054554804576     
   3.8518518518518521       -2.8596908645143779     
   3.8538538538538538       -6.4672457275858202     
   3.8558558558558556       -2.4264269731439625     
   3.8578578578578577       -1.1430326185678572     
   3.8598598598598599      -0.84325703284421039     
   3.8618618618618621      -0.72792370832045494     
   3.8638638638638638      -0.63485355766900542     
   3.8658658658658656      -0.70463334723860860     
   3.8678678678678677      -0.54363090901132249     
   3.8698698698698699      -0.63744011366691133     
   3.8718718718718721      -0.67148864741590875     
   3.8738738738738738      -0.52095755403844457     
   3.8758758758758756      -0.47231655153419955     
   3.8778778778778777      -0.44581398155448371     
   3.8798798798798799      -0.48265141422109442     
   3.8818818818818821      -0.43081339930288137     
   3.8838838838838838      -0.42482676557671234     
   3.8858858858858856      -0.46032178221227499     
   3.8878878878878878      -0.45721796509054996     
   3.8898898898898899      -0.40146759887616545     
   3.8918918918918921      -0.42363395656909131     
   3.8938938938938938      -0.40386460603129271     
   3.8958958958958956      -0.38805482886966758     
   3.8978978978978978      -0.37176686332430547     
   3.8998998998998999      -0.43148361168750210     
   3.9019019019019021      -0.40072084048601558     
   3.9039039039039038      -0.40144376691269046     
   3.9059059059059056       -7.5891586738035057     
   3.9079079079079078      -0.62291149588017436     
   3.9099099099099099      -0.44406242353137426     
   3.9119119119119121      -0.46673337845920698     
   3.9139139139139139      -0.40024392217092841     
   3.9159159159159156      -0.35844431001396132     
   3.9179179179179178      -0.38094913028074473     
   3.9199199199199199      -0.33328966342367455     
   3.9219219219219221      -0.34765988808558884     
   3.9239239239239239      -0.36090433821119478     
   3.9259259259259256      -0.31527737315993098     
   3.9279279279279278      -0.31507285065049034     
   3.9299299299299300      -0.29950408881939988     
   3.9319319319319321      -0.29947898028825437     
   3.9339339339339339      -0.28061323188237003     
   3.9359359359359356      -0.27941915793445293     
   3.9379379379379378      -0.41194126107021251     
   3.9399399399399400      -0.30131138084391396     
   3.9419419419419421      -0.28396914106934906     
   3.9439439439439439      -0.26756270598149645     
   3.9459459459459456      -0.28430107354745543     
   3.9479479479479478      -0.26603587240574667     
   3.9499499499499500      -0.25693470437168231     
   3.9519519519519521      -0.28069245954912997     
   3.9539539539539539      -0.24942141749365640     
   3.9559559559559556      -0.24660950405936755     
   3.9579579579579578      -0.26269793146572340     
   3.9599599599599600      -0.42976696245965962     
   3.9619619619619622      -0.61637907129417979     
   3.9639639639639639      -0.35897723751761712     
   3.9659659659659656      -0.29561466745116155     
   3.9679679679679678      -0.29392700787697140     
   3.9699699699699700      -0.29610035228604248     
   3.9719719719719722      -0.25391144023464851     
   3.9739739739739739      -0.25050370247168002     
   3.9759759759759756      -0.24494170438987389     
   3.9779779779779778      -0.30112147401741973     
   3.9799799799799800      -0.23164701345382602     
   3.9819819819819822      -0.21205361491468208     
   3.9839839839839839      -0.20453350052363453     
   3.9859859859859861      -0.19970362464705774     
   3.9879879879879878      -0.19946480847047901     
   3.9899899899899900      -0.21301492266020539     
   3.9919919919919922      -0.22221692535350010     
   3.9939939939939939      -0.19350059327712676     
   3.9959959959959961      -0.18677097550334992     
   3.9979979979979978      -0.20724216247826452     
   4.0000000000000000      -0.24137020178227325     
